

```py
x=np.array([[1.,2.,3.],[4.,5.,6.]])

y=np.array([[6.,23.],[-1,7],[8,9]])

x.dot(y)#等价于np.dot(x,y)
Out[140]: 
array([[ 28.,  64.],
       [ 67., 181.]])
```

```py
from numpy.linalg import inv,qr

X=np.random.randn(5,5)

mat=X.T.dot(X)

inv(mat)
Out[145]: 
array([[ 0.60277165, -0.02806237, -1.31290853,  1.18834977, -0.74111002],
       [-0.02806237,  0.26551342,  0.34234468, -0.53742224,  0.17643129],
       [-1.31290853,  0.34234468,  3.97284661, -3.58961831,  2.15615608],
       [ 1.18834977, -0.53742224, -3.58961831,  4.12463855, -2.25741451],
       [-0.74111002,  0.17643129,  2.15615608, -2.25741451,  1.50102406]])

mat.dot(inv(mat))
Out[146]: 
array([[ 1.00000000e+00, -3.03551348e-17, -4.40988058e-17,
        -4.21237822e-16,  2.84619129e-16],
       [-3.37132785e-17,  1.00000000e+00, -5.27792772e-16,
         1.13737403e-15, -4.30867148e-16],
       [ 1.39261593e-16, -3.00841725e-17,  1.00000000e+00,
        -1.44145464e-15,  7.07529454e-17],
       [ 8.61023497e-17, -1.01292433e-17, -9.15235271e-17,
         1.00000000e+00, -7.59064340e-16],
       [ 9.76341471e-17, -1.86437964e-16,  7.41583849e-19,
         1.06728527e-15,  1.00000000e+00]])

q,r=qr(mat)

r
Out[148]: 
array([[-9.33965333,  8.63200968, -2.61248797,  3.27046905,  3.09453002],
       [ 0.        , -7.27429115, -0.50850099, -4.11873165, -4.84489828],
       [ 0.        ,  0.        , -1.83259576, -0.22753908,  2.66333076],
       [ 0.        ,  0.        ,  0.        , -2.05755681, -3.50300078],
       [ 0.        ,  0.        ,  0.        ,  0.        ,  0.28196015]])
```


以上代码，仅仅是为了展示一下numpy.linalg函数如何使用(是np.inv()形式，还是arr.inv()，或者inv(arr))，答案明显是最后一种

![](https://github.com/BinGYiZhanG/Python_/blob/master/%E3%80%8A%E5%88%A9%E7%94%A8Python%E8%BF%9B%E8%A1%8C%E6%95%B0%E6%8D%AE%E5%88%86%E6%9E%90%E3%80%8B/Images/07071756.png)






